-3.	-3.3687558386128598
-2.99	-3.3292082505647342
-2.98	-3.2896758933811037
-2.97	-3.2501586739089285
-2.96	-3.2106570503476504
-2.95	-3.171171895940443
-2.94	-3.1317037763387336
-2.93	-3.0922533299402186
-2.92	-3.052821304423955
-2.91	-3.0134080306957682
-2.9	-2.9740140447524435
-2.89	-2.9346398878576827
-2.88	-2.895286103513021
-2.87	-2.8559532421042944
-2.86	-2.816641854517735
-2.85	-2.7773524912539918
-2.84	-2.73808559838867
-2.83	-2.6988417508341236
-2.82	-2.6596216508553194
-2.81	-2.620425909843383
-2.8	-2.5812550569070107
-2.79	-2.542109417240135
-2.78	-2.502990116210469
-2.77	-2.4638979355167177
-2.76	-2.424833672837847
-2.75	-2.3857983285667075
-2.74	-2.346792533636208
-2.73	-2.307817006319984
-2.72	-2.268872503577052
-2.71	-2.22995969540081
-2.7	-2.1910793484013014
-2.69	-2.152232355680661
-2.68	-2.1134195230293176
-2.67	-2.074641611944356
-2.66	-2.0358992325539345
-2.65	-1.9971934823850703
-2.64	-1.9585252397556363
-2.63	-1.9198953797068299
-2.62	-1.881304376217295
-2.61	-1.8427534842108075
-2.6	-1.804243831228382
-2.59	-1.7657764569782637
-2.58	-1.727352417020289
-2.57	-1.6889727609514082
-2.56	-1.6506385219392483
-2.55	-1.612350740690505
-2.54	-1.5741104120305738
-2.53	-1.5359183149540725
-2.52	-1.497775843430259
-2.51	-1.459684115583136
-2.5	-1.4216442421096431
-2.4899999999999998	-1.3836570360079068
-2.48	-1.3457238518839922
-2.47	-1.3078459720373432
-2.46	-1.2700245881977965
-2.45	-1.2322605832794231
-2.44	-1.1945550887701928
-2.43	-1.1569098618629914
-2.42	-1.1193262931203838
-2.41	-1.0818057781595642
-2.4	-1.0443497230085703
-2.39	-1.0069595004676484
-2.38	-0.9696364859627082
-2.37	-0.9323820397496986
-2.36	-0.8951969749106918
-2.35	-0.8580830747956534
-2.34	-0.8210420588137182
-2.33	-0.7840754650746793
-2.32	-0.7471846339905863
-2.31	-0.7103710293176551
-2.3	-0.6736365803105999
-2.29	-0.6369829472565715
-2.28	-0.6004117385290993
-2.27	-0.5639239441390251
-2.26	-0.5275221005088909
-2.25	-0.49120810436740775
-2.2399999999999998	-0.45498386461738793
-2.23	-0.41885122752045995
-2.22	-0.38281217406396606
-2.21	-0.34686868994269804
-2.2	-0.3110227327542716
-2.19	-0.2752758435793637
-2.18	-0.2396297695309996
-2.17	-0.2040874747513684
-2.16	-0.16865130696613814
-2.15	-0.1333236440220286
-2.14	-0.09810676399084084
-2.13	-0.06300329593412664
-2.12	-0.028015773822638246
-2.11	0.006853233249236295
-2.1	0.04160146574780666
-2.09	0.07622602606488782
-2.08	0.11072391375664452
-2.07	0.14509222556374515
-2.06	0.1793282574435576
-2.05	0.2134291739422542
-2.04	0.24739118867452262
-2.03	0.28121087275156015
-2.02	0.31488469302316013
-2.01	0.34840851212448987
-2.	0.38177920456887293
-1.99	0.41499309696987935
-1.98	0.448046422960401
-1.97	0.48093577604517657
-1.96	0.5136568743904769
-1.95	0.5462051626433423
-1.94	0.5785761632941793
-1.93	0.6107651262141047
-1.92	0.6427671314464238
-1.91	0.67457753175529
-1.9	0.7061912791599145
-1.89	0.7376031381071332
-1.88	0.7688069042249099
-1.8699999999999999	0.7997978690465392
-1.8599999999999999	0.8305704922596223
-1.8499999999999999	0.8611190208345055
-1.84	0.8914366754202161
-1.83	0.9215177955615794
-1.82	0.9513569405509757
-1.81	0.9809480471641063
-1.8	1.0102846914872639
-1.79	1.0393602235538222
-1.78	1.0681688033385195
-1.77	1.0967039975947876
-1.76	1.1249592470814291
-1.75	1.1529260376672605
-1.74	1.1805997312337617
-1.73	1.2079743023219118
-1.72	1.2350436555450324
-1.71	1.2618007491443382
-1.7	1.288240189756637
-1.69	1.314357465868968
-1.68	1.3401477269721425
-1.67	1.3656062633331012
-1.66	1.3907286503207186
-1.65	1.4155123522141555
-1.64	1.4399549237715503
-1.63	1.4640547582318286
-1.6199999999999999	1.487810967122968
-1.6099999999999999	1.511224370735776
-1.5999999999999999	1.5342969620216467
-1.59	1.557032274123924
-1.58	1.5794377575458614
-1.57	1.6015199116140388
-1.56	1.623285606094867
-1.55	1.644745616948192
-1.54	1.6659154228763262
-1.53	1.6868160234714225
-1.52	1.7074583414204816
-1.51	1.7278625931576859
-1.5	1.7480525730210281
-1.49	1.7680697654524686
-1.48	1.7879313673360073
-1.47	1.8076662012561155
-1.46	1.8273086441804873
-1.45	1.8469101858291284
-1.44	1.8665093219231679
-1.43	1.8861337513680871
-1.42	1.9058240945439802
-1.41	1.9256287612614778
-1.4	1.945608387018464
-1.39	1.9657802662982187
-1.38	1.9861803691028443
-1.3699999999999999	2.006842642424657
-1.3599999999999999	2.0278101478850123
-1.3499999999999999	2.0490964202330666
-1.3399999999999999	2.0707141019697275
-1.33	2.0926690023263776
-1.32	2.114939507633758
-1.31	2.1375112272489742
-1.3	2.160377293305334
-1.29	2.183500180867443
-1.28	2.2068019573172695
-1.27	2.2301245004484063
-1.26	2.2535051600185882
-1.25	2.2768658710908056
-1.24	2.3001057190845478
-1.23	2.3228823319499257
-1.22	2.345253890726216
-1.21	2.367173876267072
-1.2	2.3885325762036573
-1.19	2.409016580512139
-1.18	2.4284837165654136
-1.17	2.4470608728828136
-1.16	2.464689796010721
-1.15	2.481261828972443
-1.14	2.496486122258501
-1.13	2.5106377947246368
-1.1199999999999999	2.523771760362672
-1.1099999999999999	2.535970720652521
-1.0999999999999999	2.5474083970815458
-1.0899999999999999	2.5581928648860854
-1.08	2.5684945548087095
-1.07	2.578553436721551
-1.06	2.5890076617196396
-1.05	2.600263778020037
-1.04	2.6121511874756527
-1.03	2.6248902722786878
-1.02	2.6388329277441147
-1.01	2.6549598015842513
-1.	2.67249768894451
-0.99	2.691349191254659
-0.98	2.7113463946177063
-0.97	2.732046927098936
-0.96	2.7532868344021426
-0.95	2.774779646997732
-0.94	2.7960859319850777
-0.9299999999999999	2.815790276385351
-0.9199999999999999	2.8330438775675235
-0.9099999999999999	2.848827736726023
-0.8999999999999999	2.8630338136307074
-0.8899999999999999	2.875434221421765
-0.88	2.8848324097897207
-0.87	2.892574529845661
-0.86	2.8990871265859575
-0.85	2.9049557019291257
-0.84	2.9128343422057577
-0.83	2.922210516028475
-0.82	2.932699787386851
-0.8099999999999999	2.944555506119907
-0.7999999999999999	2.958835653334662
-0.7899999999999999	2.976110567196955
-0.7799999999999999	2.994809627460701
-0.7699999999999999	3.0142871043232753
-0.76	3.033475329564559
-0.75	3.0477822431293786
-0.74	3.0605920656290246
-0.73	3.0719613398858026
-0.72	3.0819835427237963
-0.71	3.0905122469947606
-0.7	3.0979683381067122
-0.69	3.1049081443646833
-0.6799999999999999	3.111923448575073
-0.6699999999999999	3.1213105546182045
-0.6599999999999999	3.134939374971476
-0.6499999999999999	3.150023874483001
-0.6399999999999999	3.1659953258184137
-0.63	3.1819707545454805
-0.62	3.1929531858010396
-0.61	3.202759506122104
-0.6	3.211643473372504
-0.59	3.219949317293903
-0.58	3.229407940840808
-0.57	3.239715456820358
-0.5599999999999999	3.250292214441157
-0.5499999999999999	3.2610859837552812
-0.5399999999999999	3.271821440279651
-0.5299999999999999	3.28220720168818
-0.5199999999999999	3.2925746553581563
-0.5099999999999999	3.3029155850774083
-0.49999999999999994	3.313203894036662
-0.48999999999999994	3.3230990226539223
-0.4799999999999999	3.3328777967627867
-0.47	3.342558067265756
-0.45999999999999996	3.3521490585020857
-0.44999999999999996	3.3615172941324873
-0.43999999999999995	3.37072874278023
-0.42999999999999994	3.3798940707371417
-0.41999999999999993	3.3890570004717118
-0.4099999999999999	3.39828259392505
-0.39999999999999997	3.40763271287876
-0.38999999999999996	3.4170530401687707
-0.37999999999999995	3.426517999430886
-0.36999999999999994	3.435975015075388
-0.35999999999999993	3.4448679632308394
-0.3499999999999999	3.453621310841719
-0.33999999999999997	3.462283797889381
-0.32999999999999996	3.4708856974401177
-0.31999999999999995	3.479419420523548
-0.30999999999999994	3.487916338976029
-0.29999999999999993	3.496415058245683
-0.2899999999999999	3.5049247740264295
-0.2799999999999999	3.5133787865522375
-0.26999999999999996	3.5216625444059706
-0.25999999999999995	3.5299372396741755
-0.24999999999999994	3.5382158718639105
-0.23999999999999994	3.546496576039157
-0.22999999999999995	3.554547906437052
-0.21999999999999995	3.562562113710654
-0.20999999999999994	3.5705715210518694
-0.19999999999999996	3.5785828141836333
-0.18999999999999995	3.586458543489081
-0.17999999999999994	3.594225212818787
-0.16999999999999993	3.601986447729579
-0.15999999999999995	3.6097538783056926
-0.14999999999999994	3.61746762830084
-0.13999999999999993	3.624998847850907
-0.12999999999999995	3.632521334208384
-0.11999999999999994	3.6400516180521323
-0.10999999999999995	3.647591329593813
-0.09999999999999994	3.654918068788096
-0.08999999999999994	3.662212112175528
-0.07999999999999993	3.6695138477919804
-0.06999999999999994	3.6768309213435524
-0.05999999999999994	3.6840229234515847
-0.04999999999999994	3.69110384595813
-0.03999999999999994	3.698190759432398
-0.029999999999999936	3.7052962820876774
-0.019999999999999938	3.712362836694363
-0.009999999999999938	3.719237184524537
6.245004513516506e-17	3.7261122616360622
0.010000000000000063	3.7330063250218464
0.020000000000000063	3.739921967567601
0.03000000000000006	3.746632291123268
0.04000000000000006	3.7533119794659715
0.050000000000000065	3.7600100675044885
0.06000000000000007	3.7667344213501615
0.07000000000000006	3.7733398769392394
0.08000000000000007	3.7798255899110775
0.09000000000000007	3.786324854619975
0.10000000000000006	3.7928521061774654
0.11000000000000007	3.7993560380155365
0.12000000000000006	3.805664049666475
0.13000000000000006	3.8119821041263258
0.14000000000000007	3.818329422419091
0.15000000000000008	3.824708670688079
0.16000000000000006	3.8308838403988514
0.17000000000000007	3.8370256185317455
0.18000000000000008	3.843193815841161
0.19000000000000006	3.8493977298825084
0.20000000000000007	3.8554953249403288
0.21000000000000008	3.8614702487781627
0.22000000000000006	3.8674674953599535
0.23000000000000007	3.8735022423475405
0.24000000000000007	3.8795276150010913
0.25000000000000006	3.885345051487813
0.26000000000000006	3.8911784885957466
0.2700000000000001	3.897048486078021
0.2800000000000001	3.9029584754589846
0.2900000000000001	3.908670365470636
0.30000000000000004	3.914345366946369
0.31000000000000005	3.92005351243134
0.32000000000000006	3.925805005959476
0.33000000000000007	3.931460001729447
0.3400000000000001	3.9369849858521633
0.3500000000000001	3.9425381405034714
0.3600000000000001	3.9481357408413937
0.37000000000000005	3.9537374012028694
0.38000000000000006	3.9591208997175324
0.39000000000000007	3.9645254240532064
0.4000000000000001	3.9699727748137303
0.4100000000000001	3.975467124446909
0.4200000000000001	3.9807695613145064
0.43000000000000005	3.986030148676521
0.44000000000000006	3.9913295081804945
0.45000000000000007	3.9966788339691846
0.4600000000000001	4.0019420274413315
0.4700000000000001	4.007067426414932
0.4800000000000001	4.012226207088961
0.49000000000000005	4.017435792832079
0.5000000000000001	4.022663129780368
0.5100000000000001	4.02766238808703
0.52	4.032687520305301
0.53	4.037761651319014
0.54	4.042889876764463
0.55	4.047834868202338
0.56	4.052733413025759
0.5700000000000001	4.057676628401855
0.5800000000000001	4.062676489435064
0.5900000000000001	4.067600925498245
0.6000000000000001	4.072378834240571
0.6100000000000001	4.077194641548061
0.6200000000000001	4.082066752957495
0.6300000000000001	4.086969948802236
0.6400000000000001	4.091634507741098
0.65	4.09632839311321
0.66	4.101075706767055
0.67	4.105882133119772
0.68	4.110511595439668
0.6900000000000001	4.115086693127872
0.7000000000000001	4.119709721498393
0.7100000000000001	4.124393684997843
0.7200000000000001	4.129012682185105
0.7300000000000001	4.133476242728864
0.7400000000000001	4.1379809424318506
0.7500000000000001	4.142546257505012
0.7600000000000001	4.147155499122263
0.7700000000000001	4.151515424447543
0.78	4.155907700626216
0.79	4.160357719695643
0.8	4.164872224393593
0.81	4.169219745140088
0.8200000000000001	4.173506890892824
0.8300000000000001	4.177846565156059
0.8400000000000001	4.182252608453377
0.8500000000000001	4.186605285179204
0.8600000000000001	4.190793598220927
0.8700000000000001	4.195026522811661
0.8800000000000001	4.199324308324946
0.8900000000000001	4.203678857686693
0.9000000000000001	4.207771832768879
0.91	4.211898943403752
0.92	4.2160865710775335
0.93	4.220342225639889
0.9400000000000001	4.224438853740064
0.9500000000000001	4.228466267549977
0.9600000000000001	4.232548400685574
0.9700000000000001	4.2367000384544475
0.9800000000000001	4.240808644187568
0.9900000000000001	4.244742554417984
1.	4.248723285902188